1D 32 -1536,000000 96768,000000	[nbin xmin xmax]
"X"	"Function_0"
0,000000	2,988299
3072,000000	20,904453
6144,000000	41,523203
9216,000000	61,779063
12288,000000	81,212969
15360,000000	101,256094
18432,000000	119,847344
21504,000000	138,357891
24576,000000	157,070000
27648,000000	175,512969
30720,000000	193,166953
33792,000000	208,953047
36864,000000	225,231562
39936,000000	241,625703
43008,000000	256,720078
46080,000000	271,387266
49152,000000	285,721797
52224,000000	298,537969
55296,000000	311,852422
58368,000000	324,347422
61440,000000	336,295156
64512,000000	347,695312
67584,000000	358,895781
70656,000000	369,351875
73728,000000	378,877109
76800,000000	388,057031
79872,000000	397,187969
82944,000000	404,853125
86016,000000	412,418281
89088,000000	419,670000
92160,000000	426,395547
95232,000000	432,338828
