1D 32 -4,000000 252,000000	[nbin xmin xmax]
"X"	"Function_0"
0,000000	139,980547
8,000000	146,685234
16,000000	155,522500
24,000000	165,293281
32,000000	171,919219
40,000000	180,514219
48,000000	188,063750
56,000000	191,387344
64,000000	192,685000
72,000000	186,426328
80,000000	168,276953
88,000000	131,061953
96,000000	73,291875
104,000000	14,991899
112,000000	3,307121
120,000000	3,478574
128,000000	3,103098
136,000000	2,731177
144,000000	2,897035
152,000000	3,013099
160,000000	2,899774
168,000000	2,911254
176,000000	3,013441
184,000000	2,833886
192,000000	2,989663
200,000000	3,043318
208,000000	3,194950
216,000000	2,962744
224,000000	3,141111
232,000000	2,988382
240,000000	2,908897
248,000000	2,833326
