1D 128 0,000000 128,000000	[nbin xmin xmax]
"X"	"Function_0"
0,500000	8,578995
1,500000	7,652791
2,500000	8,181190
3,500000	7,460324
4,500000	7,378272
5,500000	7,499168
6,500000	7,238685
7,500000	7,665839
8,500000	7,854733
9,500000	7,949740
10,500000	7,903308
11,500000	7,383430
12,500000	7,757711
13,500000	7,789860
14,500000	7,244251
15,500000	7,066881
16,500000	7,821325
17,500000	7,002886
18,500000	7,471169
19,500000	7,078728
20,500000	7,494256
21,500000	7,486980
22,500000	7,423897
23,500000	7,256606
24,500000	7,693728
25,500000	7,228407
26,500000	8,000486
27,500000	7,229817
28,500000	7,158913
29,500000	6,875412
30,500000	7,443378
31,500000	7,811529
32,500000	7,884706
33,500000	6,918371
34,500000	7,194307
35,500000	7,379367
36,500000	6,698538
37,500000	7,688625
38,500000	7,563193
39,500000	7,998718
40,500000	7,712508
41,500000	7,565149
42,500000	7,319515
43,500000	6,676179
44,500000	7,314615
45,500000	7,040203
46,500000	6,656704
47,500000	7,167566
48,500000	7,187834
49,500000	7,198366
50,500000	6,798049
51,500000	7,203973
52,500000	7,568575
53,500000	7,471538
54,500000	7,340065
55,500000	7,336028
56,500000	7,340066
57,500000	7,559727
58,500000	7,434117
59,500000	6,715990
60,500000	7,240441
61,500000	7,718241
62,500000	7,675504
63,500000	7,099148
64,500000	7,327087
65,500000	6,957698
66,500000	7,439866
67,500000	7,216834
68,500000	7,101242
69,500000	6,663796
70,500000	7,187733
71,500000	7,278367
72,500000	7,372338
73,500000	7,780631
74,500000	7,417984
75,500000	7,607911
76,500000	7,256816
77,500000	7,308596
78,500000	7,404902
79,500000	7,355352
80,500000	7,270984
81,500000	6,968350
82,500000	7,189813
83,500000	7,587274
84,500000	6,833437
85,500000	7,144899
86,500000	7,006420
87,500000	7,426044
88,500000	7,213335
89,500000	7,479102
90,500000	7,484797
91,500000	7,326462
92,500000	7,539379
93,500000	7,081457
94,500000	7,656298
95,500000	7,056161
96,500000	7,686885
97,500000	7,040269
98,500000	7,531135
99,500000	7,377117
100,500000	7,748574
101,500000	7,459959
102,500000	7,621102
103,500000	7,034141
104,500000	6,786413
105,500000	7,188975
106,500000	7,320850
107,500000	7,920382
108,500000	8,017099
109,500000	7,235412
110,500000	7,231287
111,500000	7,551307
112,500000	7,463176
113,500000	7,609238
114,500000	7,483846
115,500000	7,287562
116,500000	7,268293
117,500000	6,912234
118,500000	7,603493
119,500000	7,251507
120,500000	7,235270
121,500000	7,523479
122,500000	7,553099
123,500000	7,213429
124,500000	7,072421
125,500000	7,715566
126,500000	7,519121
127,500000	7,759695
