1D 128 0,000000 128,000000	[nbin xmin xmax]
"X"	"Function_0"
0,500000	6,931389
1,500000	5,956281
2,500000	5,971363
3,500000	6,341210
4,500000	6,201318
5,500000	5,810426
6,500000	6,394391
7,500000	5,642771
8,500000	6,053112
9,500000	6,330095
10,500000	6,393562
11,500000	5,914920
12,500000	6,180432
13,500000	6,187638
14,500000	5,939357
15,500000	6,139159
16,500000	6,148721
17,500000	6,105143
18,500000	5,513469
19,500000	5,808353
20,500000	5,789666
21,500000	6,108053
22,500000	5,921176
23,500000	6,080060
24,500000	5,954497
25,500000	5,993153
26,500000	5,938203
27,500000	6,193910
28,500000	6,065348
29,500000	5,954385
30,500000	6,092184
31,500000	5,564364
32,500000	6,155346
33,500000	5,920755
34,500000	5,876667
35,500000	6,394801
36,500000	5,642460
37,500000	6,096508
38,500000	5,778957
39,500000	5,634995
40,500000	5,842529
41,500000	5,715954
42,500000	5,536922
43,500000	5,426440
44,500000	5,875958
45,500000	5,528671
46,500000	5,883081
47,500000	5,678894
48,500000	5,791497
49,500000	5,812065
50,500000	5,953022
51,500000	6,265313
52,500000	5,856738
53,500000	5,932424
54,500000	6,269661
55,500000	6,176136
56,500000	6,385186
57,500000	5,954505
58,500000	5,602591
59,500000	6,080108
60,500000	6,111813
61,500000	6,048864
62,500000	5,847823
63,500000	5,322768
64,500000	5,625118
65,500000	5,716021
66,500000	5,507681
67,500000	5,548293
68,500000	6,134170
69,500000	5,649453
70,500000	5,368658
71,500000	6,015595
72,500000	5,688481
73,500000	5,441165
74,500000	5,917774
75,500000	5,827224
76,500000	6,632170
77,500000	6,293496
78,500000	6,046414
79,500000	6,006390
80,500000	5,965053
81,500000	6,027448
82,500000	5,493631
83,500000	5,802842
84,500000	5,732387
85,500000	6,129136
86,500000	5,948873
87,500000	6,160528
88,500000	6,000010
89,500000	5,964032
90,500000	5,794990
91,500000	5,910385
92,500000	5,617253
93,500000	5,457354
94,500000	6,174763
95,500000	5,672736
96,500000	5,240672
97,500000	6,368885
98,500000	6,042213
99,500000	6,200076
100,500000	5,933027
101,500000	5,665747
102,500000	5,642819
103,500000	5,580674
104,500000	5,910496
105,500000	6,161706
106,500000	5,744076
107,500000	6,242402
108,500000	6,101391
109,500000	5,721569
110,500000	5,377706
111,500000	5,874721
112,500000	5,846019
113,500000	5,852703
114,500000	5,348973
115,500000	5,705015
116,500000	5,918407
117,500000	5,308683
118,500000	5,694659
119,500000	5,822731
120,500000	5,664578
121,500000	5,821285
122,500000	6,457052
123,500000	6,218606
124,500000	6,189990
125,500000	5,993349
126,500000	5,626502
127,500000	6,467591
