1D 128 0,000000 128,000000	[nbin xmin xmax]
"X"	"Function_0"
0,500000	5,874703
1,500000	4,950952
2,500000	5,604853
3,500000	5,201006
4,500000	4,798798
5,500000	4,666727
6,500000	4,872520
7,500000	4,613908
8,500000	4,965048
9,500000	5,085495
10,500000	4,619772
11,500000	4,948659
12,500000	4,823925
13,500000	4,615752
14,500000	4,670308
15,500000	4,642982
16,500000	4,655047
17,500000	4,358418
18,500000	4,899232
19,500000	4,383560
20,500000	4,337840
21,500000	4,732943
22,500000	4,476803
23,500000	4,237828
24,500000	4,830325
25,500000	4,861182
26,500000	4,826902
27,500000	4,174291
28,500000	4,655325
29,500000	4,985516
30,500000	4,478954
31,500000	4,342897
32,500000	4,778000
33,500000	4,666175
34,500000	4,461441
35,500000	4,707964
36,500000	4,746474
37,500000	5,149075
38,500000	4,457411
39,500000	4,340671
40,500000	4,738781
41,500000	4,283171
42,500000	4,513602
43,500000	4,505761
44,500000	4,641052
45,500000	4,766364
46,500000	4,227807
47,500000	4,964418
48,500000	4,524771
49,500000	4,581113
50,500000	4,599480
51,500000	4,445480
52,500000	4,320262
53,500000	4,709931
54,500000	4,922844
55,500000	4,898521
56,500000	4,695669
57,500000	4,266346
58,500000	4,181854
59,500000	4,480859
60,500000	4,473045
61,500000	4,590306
62,500000	4,379095
63,500000	4,372989
64,500000	4,512912
65,500000	4,396600
66,500000	4,467278
67,500000	4,158882
68,500000	4,577597
69,500000	4,843900
70,500000	4,530441
71,500000	4,625422
72,500000	4,600825
73,500000	4,369405
74,500000	4,768147
75,500000	4,568462
76,500000	4,191562
77,500000	4,736346
78,500000	4,881716
79,500000	4,842698
80,500000	5,039304
81,500000	4,599406
82,500000	4,654431
83,500000	4,603967
84,500000	4,687087
85,500000	4,607264
86,500000	4,453784
87,500000	4,828016
88,500000	4,643184
89,500000	4,666076
90,500000	4,636533
91,500000	4,519343
92,500000	4,603122
93,500000	4,681845
94,500000	4,732876
95,500000	4,482734
96,500000	4,494086
97,500000	4,760268
98,500000	4,231549
99,500000	4,528512
100,500000	4,317982
101,500000	4,767463
102,500000	4,545668
103,500000	4,288049
104,500000	4,794911
105,500000	4,325693
106,500000	4,283883
107,500000	4,292716
108,500000	4,619934
109,500000	4,549007
110,500000	4,619802
111,500000	4,163243
112,500000	4,521069
113,500000	4,411979
114,500000	4,340340
115,500000	4,557576
116,500000	4,684582
117,500000	4,440182
118,500000	4,543749
119,500000	4,686037
120,500000	4,637257
121,500000	4,527028
122,500000	4,802654
123,500000	4,806625
124,500000	4,337246
125,500000	4,746497
126,500000	4,486312
127,500000	5,196213
