1D 128 0,000000 128,000000	[nbin xmin xmax]
"X"	"Function_0"
0,500000	4,716140
1,500000	4,088462
2,500000	4,068455
3,500000	4,480581
4,500000	4,337843
5,500000	4,167109
6,500000	4,015876
7,500000	3,936442
8,500000	4,632175
9,500000	4,083759
10,500000	4,170399
11,500000	4,341554
12,500000	4,224456
13,500000	4,109170
14,500000	4,151452
15,500000	4,096006
16,500000	4,244123
17,500000	4,317591
18,500000	3,714267
19,500000	3,852675
20,500000	4,083292
21,500000	3,877584
22,500000	4,054310
23,500000	4,233026
24,500000	4,113149
25,500000	4,234591
26,500000	3,678478
27,500000	3,936133
28,500000	4,150505
29,500000	4,110258
30,500000	4,009891
31,500000	3,744810
32,500000	4,066521
33,500000	3,880502
34,500000	3,976664
35,500000	3,775589
36,500000	4,236562
37,500000	3,594798
38,500000	4,018470
39,500000	4,251689
40,500000	4,063963
41,500000	3,765863
42,500000	4,083908
43,500000	3,521956
44,500000	3,748086
45,500000	3,800135
46,500000	3,867224
47,500000	4,118533
48,500000	3,822825
49,500000	3,828502
50,500000	4,069713
51,500000	3,694508
52,500000	4,234444
53,500000	4,098882
54,500000	3,933135
55,500000	4,187861
56,500000	4,272869
57,500000	3,862959
58,500000	3,782998
59,500000	4,018219
60,500000	4,472786
61,500000	3,850943
62,500000	4,110561
63,500000	4,208101
64,500000	3,871371
65,500000	4,176026
66,500000	4,174529
67,500000	4,106686
68,500000	4,067426
69,500000	4,295163
70,500000	4,104135
71,500000	3,918910
72,500000	4,077002
73,500000	3,857779
74,500000	3,968878
75,500000	4,351546
76,500000	4,062617
77,500000	3,775595
78,500000	4,163729
79,500000	3,741155
80,500000	3,993953
81,500000	4,122570
82,500000	4,349763
83,500000	3,857184
84,500000	4,089174
85,500000	4,069233
86,500000	3,754735
87,500000	4,026910
88,500000	4,415892
89,500000	3,709414
90,500000	4,088569
91,500000	3,959726
92,500000	3,812344
93,500000	4,162981
94,500000	3,754368
95,500000	4,118904
96,500000	3,950933
97,500000	4,066768
98,500000	3,887931
99,500000	4,020521
100,500000	4,354981
101,500000	4,077229
102,500000	3,930903
103,500000	4,050679
104,500000	3,821691
105,500000	3,944149
106,500000	3,613269
107,500000	3,777713
108,500000	4,043369
109,500000	3,837196
110,500000	4,105418
111,500000	3,700256
112,500000	3,774169
113,500000	4,119175
114,500000	3,947097
115,500000	3,757458
116,500000	4,068385
117,500000	4,205736
118,500000	4,141594
119,500000	4,069655
120,500000	4,399131
121,500000	3,978454
122,500000	4,285184
123,500000	3,872870
124,500000	4,042213
125,500000	4,097153
126,500000	3,971807
127,500000	4,703844
