1D 128 0,000000 128,000000	[nbin xmin xmax]
"X"	"Function_0"
0,500000	5,078998
1,500000	3,822056
2,500000	4,172459
3,500000	3,715650
4,500000	4,246895
5,500000	4,207059
6,500000	3,816529
7,500000	3,899094
8,500000	4,257469
9,500000	4,213208
10,500000	3,908480
11,500000	4,044408
12,500000	3,771035
13,500000	3,929584
14,500000	3,911152
15,500000	3,785891
16,500000	3,744820
17,500000	3,918613
18,500000	3,967752
19,500000	3,710581
20,500000	3,904915
21,500000	3,752740
22,500000	3,546057
23,500000	4,002079
24,500000	3,703449
25,500000	3,675894
26,500000	3,912697
27,500000	3,714487
28,500000	4,097762
29,500000	3,901948
30,500000	3,895081
31,500000	3,995999
32,500000	3,965465
33,500000	3,807410
34,500000	3,856182
35,500000	3,762591
36,500000	3,504376
37,500000	3,911401
38,500000	3,924693
39,500000	3,698504
40,500000	3,505594
41,500000	3,517324
42,500000	3,998651
43,500000	3,813123
44,500000	3,948900
45,500000	4,204939
46,500000	3,726783
47,500000	3,633146
48,500000	3,615333
49,500000	3,715621
50,500000	4,065365
51,500000	3,816473
52,500000	3,893285
53,500000	3,818459
54,500000	3,734987
55,500000	3,806668
56,500000	3,696028
57,500000	3,658629
58,500000	4,017680
59,500000	3,798700
60,500000	3,749208
61,500000	3,663636
62,500000	3,824682
63,500000	3,827751
64,500000	4,122265
65,500000	3,576408
66,500000	3,813560
67,500000	3,599533
68,500000	3,825561
69,500000	4,094566
70,500000	3,791273
71,500000	3,757981
72,500000	3,775715
73,500000	3,949458
74,500000	3,883861
75,500000	3,898057
76,500000	4,138023
77,500000	3,783788
78,500000	3,864051
79,500000	4,218148
80,500000	3,992661
81,500000	4,011954
82,500000	4,014667
83,500000	3,878262
84,500000	3,694758
85,500000	3,660328
86,500000	3,769691
87,500000	3,677710
88,500000	3,565194
89,500000	4,232523
90,500000	3,870230
91,500000	3,834434
92,500000	4,130849
93,500000	4,144052
94,500000	4,051479
95,500000	4,141363
96,500000	4,047859
97,500000	3,825576
98,500000	4,109882
99,500000	3,973277
100,500000	3,971115
101,500000	3,728974
102,500000	3,952786
103,500000	3,619589
104,500000	4,162558
105,500000	3,945527
106,500000	3,860358
107,500000	4,000671
108,500000	3,588642
109,500000	3,884936
110,500000	4,109515
111,500000	4,088004
112,500000	4,079606
113,500000	4,050392
114,500000	4,161193
115,500000	4,066115
116,500000	3,830781
117,500000	3,782319
118,500000	3,904885
119,500000	3,894181
120,500000	3,949481
121,500000	3,973070
122,500000	3,982505
123,500000	3,899208
124,500000	3,866056
125,500000	4,012090
126,500000	4,066558
127,500000	4,233923
