1D 128 0,000000 128,000000	[nbin xmin xmax]
"X"	"Function_0"
0,500000	5,017882
1,500000	4,277663
2,500000	3,849778
3,500000	3,954473
4,500000	4,087412
5,500000	3,970406
6,500000	3,961981
7,500000	4,303931
8,500000	3,971687
9,500000	4,451079
10,500000	3,845109
11,500000	3,876947
12,500000	3,992162
13,500000	3,890411
14,500000	3,986715
15,500000	4,033766
16,500000	3,796924
17,500000	3,610369
18,500000	3,819593
19,500000	3,982906
20,500000	4,123727
21,500000	3,916823
22,500000	4,017570
23,500000	3,811229
24,500000	3,690885
25,500000	3,661075
26,500000	3,836378
27,500000	3,608998
28,500000	3,510623
29,500000	4,005895
30,500000	4,041470
31,500000	3,716139
32,500000	4,081894
33,500000	4,084492
34,500000	3,775475
35,500000	4,000718
36,500000	3,638065
37,500000	3,817183
38,500000	3,754685
39,500000	3,694950
40,500000	3,995488
41,500000	3,843401
42,500000	4,074818
43,500000	3,883916
44,500000	3,773422
45,500000	3,807711
46,500000	3,896392
47,500000	3,881116
48,500000	3,822352
49,500000	4,013721
50,500000	3,810234
51,500000	3,679101
52,500000	3,991920
53,500000	3,731412
54,500000	3,866353
55,500000	3,851656
56,500000	4,260558
57,500000	3,880945
58,500000	4,099474
59,500000	3,770216
60,500000	3,703463
61,500000	3,773186
62,500000	4,069569
63,500000	4,087489
64,500000	3,536733
65,500000	3,853384
66,500000	3,652141
67,500000	4,068501
68,500000	4,335002
69,500000	3,440782
70,500000	3,913312
71,500000	3,375205
72,500000	3,590038
73,500000	4,066458
74,500000	3,941320
75,500000	3,570883
76,500000	3,759090
77,500000	3,843483
78,500000	3,799433
79,500000	3,716003
80,500000	4,061381
81,500000	4,129188
82,500000	4,091751
83,500000	3,919808
84,500000	3,945281
85,500000	3,703102
86,500000	3,919187
87,500000	3,914150
88,500000	3,946543
89,500000	3,857748
90,500000	4,173540
91,500000	4,144191
92,500000	3,994205
93,500000	4,214732
94,500000	4,035425
95,500000	3,901152
96,500000	3,634750
97,500000	3,800166
98,500000	3,882290
99,500000	3,905251
100,500000	4,066558
101,500000	4,138992
102,500000	3,752511
103,500000	3,864549
104,500000	4,001315
105,500000	4,078070
106,500000	3,488022
107,500000	3,655879
108,500000	3,996114
109,500000	3,693563
110,500000	4,085826
111,500000	4,015744
112,500000	3,742642
113,500000	3,711105
114,500000	3,793153
115,500000	4,223940
116,500000	3,911977
117,500000	3,917544
118,500000	4,011899
119,500000	4,026108
120,500000	3,945020
121,500000	4,069016
122,500000	4,048843
123,500000	3,597466
124,500000	3,993920
125,500000	4,082956
126,500000	3,983845
127,500000	4,655593
