1D 128 0,000000 128,000000	[nbin xmin xmax]
"X"	"Function_0"
0,500000	4,950499
1,500000	4,133127
2,500000	4,042073
3,500000	4,175456
4,500000	3,813436
5,500000	4,269357
6,500000	3,835943
7,500000	4,155482
8,500000	4,156811
9,500000	4,519359
10,500000	3,825112
11,500000	3,904540
12,500000	4,082961
13,500000	3,983848
14,500000	4,073631
15,500000	3,734171
16,500000	3,796409
17,500000	3,866890
18,500000	3,891600
19,500000	3,877358
20,500000	4,025276
21,500000	3,908998
22,500000	3,562374
23,500000	3,755501
24,500000	3,736482
25,500000	3,644960
26,500000	3,877336
27,500000	3,828942
28,500000	3,965131
29,500000	3,789012
30,500000	3,851408
31,500000	3,756254
32,500000	4,009044
33,500000	4,061557
34,500000	3,667961
35,500000	3,635236
36,500000	3,894852
37,500000	3,611912
38,500000	3,970081
39,500000	3,888378
40,500000	3,789908
41,500000	3,911553
42,500000	3,920763
43,500000	3,753978
44,500000	3,848652
45,500000	3,810255
46,500000	4,137609
47,500000	4,091630
48,500000	3,720950
49,500000	3,647418
50,500000	3,885298
51,500000	3,766950
52,500000	3,724136
53,500000	3,862656
54,500000	3,802832
55,500000	3,996100
56,500000	3,851723
57,500000	3,989718
58,500000	3,817918
59,500000	3,816961
60,500000	3,681712
61,500000	3,679301
62,500000	4,399542
63,500000	4,065131
64,500000	3,563997
65,500000	3,723607
66,500000	3,776825
67,500000	3,821161
68,500000	3,649955
69,500000	3,664475
70,500000	3,846682
71,500000	3,786081
72,500000	3,706463
73,500000	3,787509
74,500000	3,977672
75,500000	3,888839
76,500000	3,516074
77,500000	3,947329
78,500000	3,985031
79,500000	3,927547
80,500000	3,994926
81,500000	3,649012
82,500000	4,042756
83,500000	3,956448
84,500000	3,626232
85,500000	4,075896
86,500000	3,947466
87,500000	3,973954
88,500000	3,824245
89,500000	4,129789
90,500000	3,814457
91,500000	3,729668
92,500000	3,585397
93,500000	3,812210
94,500000	3,803010
95,500000	3,754625
96,500000	3,884621
97,500000	3,980118
98,500000	3,904652
99,500000	3,957096
100,500000	4,001902
101,500000	3,838560
102,500000	4,001178
103,500000	3,866721
104,500000	3,570741
105,500000	4,122806
106,500000	3,536529
107,500000	4,014878
108,500000	3,756945
109,500000	3,880039
110,500000	3,861069
111,500000	3,716714
112,500000	3,813449
113,500000	3,996785
114,500000	3,949008
115,500000	3,873501
116,500000	3,728753
117,500000	4,142191
118,500000	3,786238
119,500000	3,989325
120,500000	4,050689
121,500000	3,992475
122,500000	4,040893
123,500000	3,959307
124,500000	3,998858
125,500000	3,987453
126,500000	4,122441
127,500000	4,369063
