1D 128 0,000000 128,000000	[nbin xmin xmax]
"X"	"Function_0"
0,500000	4,983161
1,500000	4,492691
2,500000	4,572063
3,500000	4,128429
4,500000	4,177965
5,500000	4,253123
6,500000	4,240853
7,500000	4,209901
8,500000	4,693241
9,500000	4,415099
10,500000	4,228363
11,500000	4,214120
12,500000	4,307010
13,500000	3,928797
14,500000	4,059463
15,500000	4,169130
16,500000	4,461002
17,500000	4,314761
18,500000	4,565626
19,500000	4,220370
20,500000	4,151476
21,500000	4,531163
22,500000	4,049836
23,500000	4,026300
24,500000	4,073764
25,500000	4,134925
26,500000	4,244652
27,500000	3,916282
28,500000	4,305601
29,500000	4,347451
30,500000	3,821332
31,500000	4,045155
32,500000	4,331838
33,500000	3,987639
34,500000	4,115247
35,500000	4,113859
36,500000	4,054837
37,500000	4,115843
38,500000	4,222860
39,500000	3,954153
40,500000	3,961069
41,500000	4,382460
42,500000	4,077269
43,500000	4,090224
44,500000	4,103034
45,500000	3,886360
46,500000	4,269370
47,500000	4,091356
48,500000	4,011878
49,500000	4,513945
50,500000	3,648742
51,500000	3,997867
52,500000	3,871554
53,500000	3,901714
54,500000	4,561375
55,500000	4,309676
56,500000	4,054250
57,500000	4,358243
58,500000	3,733183
59,500000	4,144124
60,500000	4,296561
61,500000	4,032540
62,500000	3,892304
63,500000	4,058855
64,500000	4,178797
65,500000	4,450666
66,500000	4,108318
67,500000	4,153484
68,500000	3,911259
69,500000	4,257786
70,500000	4,364054
71,500000	4,065758
72,500000	4,280571
73,500000	4,157412
74,500000	4,578813
75,500000	3,827518
76,500000	4,147195
77,500000	4,379760
78,500000	4,191055
79,500000	3,999934
80,500000	4,216968
81,500000	4,296264
82,500000	4,240568
83,500000	4,210337
84,500000	3,948921
85,500000	3,902142
86,500000	4,312551
87,500000	4,483364
88,500000	4,004944
89,500000	4,322059
90,500000	4,500083
91,500000	4,179953
92,500000	4,450568
93,500000	4,275905
94,500000	4,116620
95,500000	4,369008
96,500000	3,939397
97,500000	4,386751
98,500000	4,258872
99,500000	4,274844
100,500000	3,889825
101,500000	4,398865
102,500000	3,650382
103,500000	4,299963
104,500000	4,356217
105,500000	4,265560
106,500000	3,888873
107,500000	3,948181
108,500000	4,392776
109,500000	4,194729
110,500000	4,204931
111,500000	4,243628
112,500000	4,161650
113,500000	4,102354
114,500000	4,144222
115,500000	4,420416
116,500000	3,826154
117,500000	4,387811
118,500000	4,372785
119,500000	4,025634
120,500000	4,115098
121,500000	4,123033
122,500000	4,073075
123,500000	4,399101
124,500000	4,213383
125,500000	4,384037
126,500000	4,111052
127,500000	4,710740
